label	Group	numOtus	Otu1	Otu2	Otu3	Otu4	Otu5	Otu6	Otu7	Otu8	Otu9	Otu10	Otu11	Otu12	Otu13	Otu14	Otu15	Otu16	Otu17	Otu18	Otu19	Otu20	Otu21	Otu22	Otu23	Otu24	Otu25	Otu26
0.03	C1_rep1	26	0.160878	0.087824	0.030339	0.041118	0.062275	0.071856	0.154491	0.104990	0.039122	0.105788	0.046307	0.042315	0.017964	0.007585	0.018363	0.008383	0.000000	0.000399	0.000000	0.000000	0.000000	0.000000	0.000000	0.000000	0.000000	0.000000
0.03	C1_rep2	26	0.136049	0.074697	0.035009	0.048700	0.064818	0.081109	0.161872	0.096707	0.040208	0.106932	0.055113	0.033622	0.021144	0.008146	0.022184	0.011958	0.000000	0.000867	0.000000	0.000173	0.000347	0.000000	0.000173	0.000000	0.000000	0.000173
0.03	C2_rep1	26	0.137833	0.067174	0.029785	0.046895	0.066857	0.083333	0.194233	0.084284	0.038973	0.135615	0.031052	0.027567	0.015843	0.006020	0.019645	0.014575	0.000000	0.000317	0.000000	0.000000	0.000000	0.000000	0.000000	0.000000	0.000000	0.000000
0.03	C2_rep2	26	0.139358	0.057432	0.027872	0.041244	0.064471	0.085867	0.200169	0.086712	0.040681	0.133446	0.036318	0.025760	0.014077	0.007038	0.022663	0.015343	0.000000	0.001126	0.000000	0.000141	0.000141	0.000000	0.000000	0.000000	0.000000	0.000141
0.03	C3_rep1	26	0.152503	0.069170	0.029974	0.069829	0.065547	0.064888	0.167655	0.074769	0.038867	0.126482	0.031621	0.036891	0.021410	0.010540	0.022727	0.015152	0.000000	0.001976	0.000000	0.000000	0.000000	0.000000	0.000000	0.000000	0.000000	0.000000
0.03	C3_rep2	26	0.150312	0.071157	0.035647	0.056790	0.062754	0.065329	0.176200	0.072513	0.049200	0.108702	0.038764	0.034698	0.017891	0.010708	0.026972	0.020873	0.000000	0.001355	0.000000	0.000000	0.000000	0.000136	0.000000	0.000000	0.000000	0.000000
0.03	C4_rep1	26	0.159408	0.095042	0.035881	0.067105	0.066557	0.080526	0.128732	0.094495	0.042728	0.105177	0.034237	0.032046	0.017529	0.009039	0.016982	0.012599	0.000000	0.001643	0.000000	0.000000	0.000274	0.000000	0.000000	0.000000	0.000000	0.000000
0.03	C4_rep2	26	0.165424	0.088715	0.035511	0.061292	0.071907	0.077088	0.123468	0.101984	0.044737	0.098066	0.037280	0.034627	0.018451	0.007330	0.019967	0.012637	0.000000	0.001516	0.000000	0.000000	0.000000	0.000000	0.000000	0.000000	0.000000	0.000000
0.03	P1_rep1	26	0.151163	0.192442	0.058721	0.073256	0.068605	0.077326	0.061047	0.051163	0.048256	0.007558	0.033140	0.035465	0.031395	0.068605	0.034302	0.007558	0.000000	0.000000	0.000000	0.000000	0.000000	0.000000	0.000000	0.000000	0.000000	0.000000
0.03	P1_rep2	26	0.174710	0.152516	0.071742	0.067097	0.057290	0.073806	0.065290	0.051871	0.060903	0.009032	0.039742	0.033806	0.032258	0.061935	0.038710	0.008774	0.000000	0.000000	0.000000	0.000000	0.000000	0.000000	0.000000	0.000000	0.000000	0.000516
0.03	P2_rep1	26	0.145887	0.165049	0.056208	0.067706	0.053909	0.071027	0.080991	0.049310	0.050077	0.015330	0.032448	0.035258	0.050077	0.065662	0.050077	0.010475	0.000000	0.000000	0.000000	0.000000	0.000000	0.000000	0.000000	0.000000	0.000000	0.000511
0.03	P2_rep2	26	0.149561	0.152825	0.061220	0.069435	0.060770	0.067972	0.087779	0.049629	0.051992	0.014292	0.038375	0.033648	0.037362	0.069097	0.046253	0.009566	0.000000	0.000000	0.000000	0.000113	0.000000	0.000000	0.000000	0.000000	0.000000	0.000113
0.03	P3_rep1	26	0.155753	0.174170	0.062301	0.073442	0.045703	0.065257	0.077308	0.042747	0.057299	0.010459	0.027740	0.033197	0.033879	0.081173	0.050705	0.008868	0.000000	0.000000	0.000000	0.000000	0.000000	0.000000	0.000000	0.000000	0.000000	0.000000
0.03	P3_rep2	26	0.154460	0.157708	0.069010	0.074129	0.053062	0.070289	0.082201	0.041937	0.054046	0.012896	0.030222	0.025792	0.039673	0.082890	0.040658	0.010238	0.000000	0.000000	0.000000	0.000197	0.000000	0.000098	0.000098	0.000000	0.000197	0.000197
0.03	P4_rep1	26	0.130982	0.157851	0.051721	0.068346	0.059614	0.058774	0.083963	0.052057	0.048027	0.023006	0.060789	0.036104	0.046180	0.071872	0.037951	0.012427	0.000000	0.000000	0.000000	0.000000	0.000000	0.000168	0.000000	0.000000	0.000000	0.000168
0.03	P4_rep2	26	0.137523	0.136524	0.057314	0.059542	0.061463	0.062538	0.094038	0.060925	0.048325	0.017517	0.067225	0.029733	0.038722	0.074293	0.039183	0.014905	0.000000	0.000000	0.000000	0.000000	0.000000	0.000000	0.000000	0.000000	0.000000	0.000230
0.03	U1_rep1	26	0.281897	0.083908	0.216667	0.159770	0.108621	0.018391	0.004310	0.002299	0.047126	0.001149	0.036494	0.012356	0.008333	0.012931	0.001437	0.000575	0.002299	0.000575	0.000000	0.000000	0.000000	0.000000	0.000000	0.000575	0.000000	0.000287
0.03	U1_rep2	26	0.282917	0.076364	0.246336	0.134253	0.102722	0.023032	0.004065	0.004434	0.044464	0.001971	0.040522	0.011947	0.007636	0.013425	0.001355	0.001601	0.002587	0.000370	0.000000	0.000000	0.000000	0.000000	0.000000	0.000000	0.000000	0.000000
0.03	U2_rep1	26	0.241111	0.086667	0.247037	0.142963	0.097407	0.042593	0.005926	0.005556	0.037037	0.003333	0.050000	0.010370	0.007778	0.012593	0.004074	0.000741	0.002963	0.000370	0.001111	0.000000	0.000000	0.000000	0.000000	0.000000	0.000000	0.000370
0.03	U2_rep2	26	0.247053	0.084551	0.272199	0.124312	0.095081	0.045890	0.004243	0.005501	0.038190	0.003772	0.046205	0.008015	0.008329	0.007701	0.001100	0.003300	0.003300	0.000000	0.001257	0.000000	0.000000	0.000000	0.000000	0.000000	0.000000	0.000000
0.03	U3_rep1	26	0.268267	0.064718	0.260960	0.136743	0.111691	0.031315	0.007307	0.009395	0.037578	0.005219	0.043841	0.006263	0.004175	0.004175	0.002088	0.005219	0.001044	0.000000	0.000000	0.000000	0.000000	0.000000	0.000000	0.000000	0.000000	0.000000
0.03	U3_rep2	26	0.237252	0.070375	0.294142	0.108723	0.116308	0.034555	0.008007	0.007164	0.033713	0.004214	0.048462	0.008428	0.009692	0.008428	0.001264	0.004635	0.003371	0.000000	0.001264	0.000000	0.000000	0.000000	0.000000	0.000000	0.000000	0.000000
0.03	U4_rep1	26	0.224184	0.109594	0.214191	0.185543	0.106262	0.023651	0.007995	0.006995	0.030313	0.005996	0.043971	0.010993	0.012325	0.008994	0.002332	0.001999	0.002665	0.000333	0.001332	0.000000	0.000000	0.000000	0.000000	0.000000	0.000000	0.000333
0.03	U4_rep2	26	0.232039	0.091051	0.258927	0.143690	0.103998	0.028738	0.007682	0.005406	0.030161	0.004837	0.049651	0.007398	0.014654	0.009674	0.002845	0.002703	0.005548	0.000000	0.000711	0.000000	0.000000	0.000000	0.000000	0.000142	0.000000	0.000142
