label	Group	numOtus	Otu1	Otu2	Otu3	Otu4	Otu5	Otu6	Otu7	Otu8	Otu9	Otu10	Otu11	Otu12	Otu13	Otu14	Otu15	Otu16	Otu17	Otu18	Otu19	Otu20	Otu21	Otu22	Otu23	Otu24	Otu25	Otu26
0.03	C1	26	0.143565	0.078671	0.033595	0.046405	0.064048	0.078308	0.159637	0.099215	0.039879	0.106586	0.052447	0.036254	0.020181	0.007976	0.021027	0.010876	0.000000	0.000725	0.000000	0.000121	0.000242	0.000000	0.000000	0.000121	0.000121	0.000000
0.03	C2	26	0.138889	0.060429	0.028460	0.042982	0.065205	0.085088	0.198343	0.085965	0.040156	0.134113	0.034698	0.026316	0.014620	0.006725	0.021735	0.015107	0.000000	0.000877	0.000000	0.000097	0.000097	0.000000	0.000000	0.000000	0.000097	0.000000
0.03	C3	26	0.150951	0.070578	0.033993	0.060592	0.063568	0.065201	0.173708	0.073171	0.046188	0.113885	0.036681	0.035337	0.018917	0.010659	0.025735	0.019205	0.000000	0.001536	0.000000	0.000000	0.000000	0.000096	0.000000	0.000000	0.000000	0.000000
0.03	C4	26	0.163525	0.090713	0.035628	0.063127	0.070218	0.078174	0.125130	0.099620	0.044102	0.100311	0.036320	0.033812	0.018160	0.007869	0.019025	0.012625	0.000000	0.001557	0.000000	0.000000	0.000086	0.000000	0.000000	0.000000	0.000000	0.000000
0.03	P1	26	0.167471	0.164790	0.067739	0.068990	0.060769	0.074888	0.063986	0.051653	0.057015	0.008579	0.037712	0.034316	0.031993	0.063986	0.037355	0.008400	0.000000	0.000000	0.000000	0.000000	0.000000	0.000000	0.000000	0.000000	0.000357	0.000000
0.03	P2	26	0.148438	0.156563	0.059687	0.068906	0.058672	0.068906	0.085703	0.049531	0.051406	0.014609	0.036562	0.034141	0.041250	0.068047	0.047422	0.009844	0.000000	0.000000	0.000000	0.000078	0.000000	0.000000	0.000000	0.000000	0.000234	0.000000
0.03	P3	26	0.154850	0.162682	0.066983	0.073921	0.050838	0.068769	0.080723	0.042182	0.055029	0.012160	0.029472	0.028030	0.037923	0.082372	0.043693	0.009824	0.000000	0.000000	0.000000	0.000137	0.000000	0.000069	0.000137	0.000069	0.000137	0.000000
0.03	P4	26	0.135470	0.143219	0.055558	0.062306	0.060882	0.061357	0.090876	0.058141	0.048232	0.019240	0.065205	0.031733	0.041063	0.073533	0.038796	0.014127	0.000000	0.000000	0.000000	0.000000	0.000000	0.000053	0.000000	0.000000	0.000211	0.000000
0.03	U1	26	0.282611	0.078627	0.237434	0.141909	0.104492	0.021640	0.004138	0.003793	0.045263	0.001724	0.039314	0.012070	0.007846	0.013277	0.001379	0.001293	0.002500	0.000431	0.000000	0.000000	0.000000	0.000000	0.000000	0.000000	0.000086	0.000172
0.03	U2	26	0.245283	0.085182	0.264703	0.129869	0.095774	0.044908	0.004745	0.005517	0.037846	0.003641	0.047335	0.008717	0.008165	0.009158	0.001986	0.002538	0.003200	0.000110	0.001214	0.000000	0.000000	0.000000	0.000000	0.000000	0.000110	0.000000
0.03	U3	26	0.246172	0.068748	0.284599	0.116782	0.114980	0.033624	0.007805	0.007805	0.034824	0.004503	0.047133	0.007805	0.008106	0.007205	0.001501	0.004803	0.002702	0.000000	0.000901	0.000000	0.000000	0.000000	0.000000	0.000000	0.000000	0.000000
0.03	U4	26	0.229688	0.096601	0.245539	0.156216	0.104676	0.027216	0.007776	0.005882	0.030206	0.005184	0.047951	0.008474	0.013957	0.009471	0.002692	0.002492	0.004685	0.000100	0.000897	0.000000	0.000000	0.000000	0.000000	0.000000	0.000199	0.000100
